304
261
282.4
321.2
276.6
299
276.4
250
159.6
155
188.8
182.2
197.4
194.8
135
138.8
131.2
188
187.8
209.6
226.8
225
216.8
221
204
191.2
162.2
156.4
137.6
175
238.8
228.6
192.2
162.8
173
174.8
171.8
155.4
159.8
222.6
201.6
216.2
211.4
201
190
150
159.2
135.4
116.4
121.6
112.4
117.6
103.2
100.4
144.8
136.8
103.8
107.4
90.6
101.4
106.2
114
99.6
93
156
156.4
145.4
145.2
136.4
103.4
114.6
118.4
112.8
94.8
73
72
85.4
101.8
72
80.2
99.4
100
130
126.8
185.4
166
134.8
128.6
90.8
106.2
98.4
103
126
127
164
140
99.2
90.8
131.8
115.2
199.6
198.6
190
196.4
152
134
82
74.6
35
51.8
58.2
61.2
125
96.6
